TYPE=Surveyor
ADDRESS=192.168.0.20
PORT=10001
INNER_RADIUS=0.03
OUTER_RADIUS=0.1
FORWARD_VELOCITY=0.3056
FORWARD_COAST=0.0
BACKWARD_VELOCITY=0.2926
BACKWARD_COAST=0.0
LEFT_FORWARD_PWM=54
RIGHT_FORWARD_PWM=50
LEFT_BACKWARD_PWM=-51
RIGHT_BACKWARD_PWM=-50
CW_VELOCITY=2.416234
CW_DRAG=-0.06626
CW_SMALL_ANGLE=0.055851
CW_SMALL_ANGLE_VELOCITY=1.117011
CCW_VELOCITY=2.26631
CCW_DRAG=-0.0552
CCW_SMALL_ANGLE=0.061959
CCW_SMALL_ANGLE_VELOCITY=1.239184
LEFT_CW_PWM=54
RIGHT_CW_PWM=-50
LEFT_CCW_PWM=-50
RIGHT_CCW_PWM=50
SENSOR_CAMERA=0.048	0.0	0.089	0.0	
0.099	5.883031e-001 240
4.401760e+000 2.071995e+002 -5.843616e-001
-9.075710e+000 -5.022384e+000 1.621387e+001
-4.282091e-001 4.016292e-003 2.797130e-002
-1.391959e-005 2.894100e-004 1.482948e-001
-2.868472e-004 4.933619e-006 -2.302841e-003
-8.819781e-005 -3.023162e-003 8.516177e-002
0.846000
-3.548003e+002 -9.470471e+000 9.887601e+000
7.101739e+000 -3.451404e+002 1.490837e+001
-2.398694e-002 1.173450e-001 -5.958221e-001
-9.377153e-004 2.089531e-005 -1.506221e-002
-1.781040e-005 -9.732432e-004 -2.465710e-002
3.432631e-005 -1.925396e-004 -5.635052e-001