TYPE=Surveyor
ADDRESS=192.168.0.21
PORT=10001
INNER_RADIUS=0.03
OUTER_RADIUS=0.1
FORWARD_VELOCITY=0.3207
FORWARD_COAST=0.0
BACKWARD_VELOCITY=0.3057
BACKWARD_COAST=0.0
LEFT_FORWARD_PWM=50
RIGHT_FORWARD_PWM=62
LEFT_BACKWARD_PWM=-50
RIGHT_BACKWARD_PWM=-54
CW_VELOCITY=2.239431963
CW_DRAG=-0.07198785
CW_SMALL_ANGLE=0.044505896
CW_SMALL_ANGLE_VELOCITY=0.890117919
CCW_VELOCITY=2.309419666
CCW_DRAG=-0.07225314
CCW_SMALL_ANGLE=0.048869219
CCW_SMALL_ANGLE_VELOCITY=0.977384381
LEFT_CW_PWM=50
RIGHT_CW_PWM=-51
LEFT_CCW_PWM=-50
RIGHT_CCW_PWM=53
SENSOR_CAMERA=0.048	0.0	0.089	0.0	
0.099	6.072492e-001 240
-2.056980e+000 2.106849e+002 -1.906278e-001
-1.070020e+001 2.548433e-001 1.851278e+001
-4.156706e-001 2.692134e-002 1.987251e-003
2.632307e-006 1.375368e-003 2.053284e-001
-3.757686e-004 -4.027825e-005 4.979851e-004
-9.642214e-006 -2.253765e-003 1.292125e-001
0.845000
3.550708e+002 -7.061598e+000 3.312760e+000
3.829916e+000 3.486332e+002 -1.472239e+001
3.411566e-003 -9.643004e-002 5.919161e-001
9.384657e-004 1.803957e-005 -4.835237e-003
-1.061062e-005 9.623420e-004 2.399464e-002
-7.053198e-006 1.569341e-004 5.669411e-001