[base]
WHEEL_BASE=0.2
WHEEL_BASE_EST=0.2
ACCELERATION_EST=0.1
MAX_VELOCITY_EST=1.0
WHEEL_ERR=0.005 0.0
CAPACITY=0
[particle filter]
NUM=250
SIGMA_INITIAL=0.1 	0.1	0.01
SIGMA_UPDATE=0.00002	0.00002	0.00001
[sonar]
PERIOD=500
COLOR=0 1 0
SENSOR_SONAR=0.1	0.1	1	2	0.09	0.17453	0.08727
[sonar]
PERIOD=500
COLOR=0 1 0
SENSOR_SONAR=0.1	0.05	0.5	2	0.09	0.17453	0.08727
[sonar]
PERIOD=500
COLOR=0 1 0
SENSOR_SONAR=0.1	0	0	2	0.09	0.17453	0.08727
[sonar]
PERIOD=500
COLOR=0 1 0
SENSOR_SONAR=0.1	-0.05	-0.5	2	0.09	0.17453	0.08727
[sonar]
PERIOD=500
COLOR=0 1 0
SENSOR_SONAR=0.1	-0.1	-1	2	0.09	0.17453	0.08727