[base]
WHEEL_BASE=0.20
WHEEL_BASE_EST=0.20
ACCELERATION_EST=0.2
MAX_VELOCITY_EST=1.0
WHEEL_ERR=0.0 -0.0005
CAPACITY=1
[particle filter]
NUM=500
SIGMA_INITIAL=0.1 	0.1	0.01
SIGMA_UPDATE=0.1	0.02	0.05
[landmark]
OFFSET=0 0.15
CODE=0
[landmark]
OFFSET=0 -0.15
CODE=1
[camera]
PERIOD=0
COLOR=1 0 1
SENSOR_CAMERA=0.1	0	0	4	0.09	0.8426
[sonar]
PERIOD=1000
COLOR=0 1 1
SENSOR_SONAR=0.1	0.1	1	2	0.03	0.17453	0.08727
[sonar]
PERIOD=1000
COLOR=0 1 1
SENSOR_SONAR=0.1	0.05	0.5	2	0.03	0.17453	0.08727
[sonar]
PERIOD=1000
COLOR=0 1 1
SENSOR_SONAR=0.1	0	0	2	0.03	0.17453	0.08727
[sonar]
PERIOD=1000
COLOR=0 1 1
SENSOR_SONAR=0.1	-0.05	-0.5	2	0.03	0.17453	0.08727
[sonar]
PERIOD=1000
COLOR=0 1 1
SENSOR_SONAR=0.1	-0.1	-1	2	0.03	0.17453	0.08727