[base]
WHEEL_BASE=0.20
WHEEL_BASE_EST=0.20
ACCELERATION_EST=1.0
MAX_VELOCITY_EST=5.0
WHEEL_ERR=0.0 0.0
CAPACITY=2
[particle filter]
NUM=1
SIGMA_INITIAL=0.0000001 	0.0000001	0.0000001
SIGMA_UPDATE=0.0000001	0.0000002	0.00000001
[landmark]
OFFSET=0 0.1
CODE=0
[landmark]
OFFSET=0 -0.1
CODE=1
[camera]
PERIOD=0
COLOR=1 0 1
SENSOR_CAMERA=0.1	0	0	4	0.09	0.8426