[base]
WHEEL_BASE=0.1
WHEEL_BASE_EST=0.1
ACCELERATION_EST=0.6
MAX_VELOCITY_EST=2.0
WHEEL_ERR=0.00 0.00
CAPACITY=0
[particle filter]
NUM=500
SIGMA_INITIAL=0.1 	0.1	0.000001
SIGMA_UPDATE=0.0000001	0.0000002	0.00000001
[landmark]
OFFSET=0 0.1
CODE=0
[landmark]
OFFSET=0 -0.1
CODE=1
[camera]
PERIOD=0
COLOR=1 0 1
SENSOR_CAMERA=0.1	0	0	3	0.09	0.4363