[base]
WHEEL_BASE=0.1
WHEEL_BASE_EST=0.1
ACCELERATION_EST=0.6
MAX_VELOCITY_EST=2.0
WHEEL_ERR=-0.005 0.0
CAPACITY=0
[particle filter]
NUM=500
SIGMA_INITIAL=0.1 	0.1	0.01
SIGMA_UPDATE=0.1	0.02	0.1
[landmark]
OFFSET=0 0.1
CODE=0
[landmark]
OFFSET=0 -0.1
CODE=1
[camera]
PERIOD=0
COLOR=1 0 1
SENSOR_CAMERA=0.1	0	0	3	0.09	0.4363
[sonar]
PERIOD=1000
COLOR=0 1 1
SENSOR_SONAR=0.1	0.1	1	2	0.03	0.17453	0.08727
[sonar]
PERIOD=1000
COLOR=0 1 1
SENSOR_SONAR=0.1	0.05	0.5	2	0.03	0.17453	0.08727
[sonar]
PERIOD=1000
COLOR=0 1 1
SENSOR_SONAR=0.1	0	0	2	0.03	0.17453	0.08727
[sonar]
PERIOD=1000
COLOR=0 1 1
SENSOR_SONAR=0.1	-0.05	-0.5	2	0.03	0.17453	0.08727
[sonar]
PERIOD=1000
COLOR=0 1 1
SENSOR_SONAR=0.1	-0.1	-1	2	0.03	0.17453	0.08727