TYPE=ER1
ADDRESS=192.168.0.11
PORT=9000
INNER_RADIUS=0.1
OUTER_RADIUS=0.2
LINEAR_VELOCITY=0.2
LINEAR_ACCELERATION=0.155642023
LINEAR_DECELERATION=0.038131554
ANGULAR_VELOCITY=45
ANGULAR_ACCELERATION=28.39116719
ANGULAR_DECELERATION=18.63354037
